3.54513128073907183e+03 2.95991474004787824e+03 2.00251065096844991e+03 1.62805270243560835e+03 1.31886209264568674e+03 1.08243927411271102e+03 8.56673804418205236e+02 6.92499315095643851e+02 
2.95991474004787824e+03 2.47235719948467568e+03 1.67458322536867399e+03 1.36247033207025993e+03 1.10467586040437072e+03 9.07056537587276807e+02 7.19108303499254703e+02 5.82020314220887371e+02 
2.00251065096844991e+03 1.67458322536867399e+03 1.13782926215557131e+03 9.27714015259997609e+02 7.54046420375707385e+02 6.20148882810090527e+02 4.93915619122932526e+02 4.01152451141577501e+02 
1.62805270243560835e+03 1.36247033207025993e+03 9.27714015259997609e+02 7.57486973009496296e+02 6.16743287584035670e+02 5.07903814987329383e+02 4.05718201978393040e+02 3.30298784422040228e+02 
1.31886209264568674e+03 1.10467586040437072e+03 7.54046420375707385e+02 6.16743287584035670e+02 5.03194719588568319e+02 4.15148327112275297e+02 3.32745590264307339e+02 2.71653723857547789e+02 
1.08243927411271102e+03 9.07056537587276807e+02 6.20148882810090527e+02 5.07903814987329383e+02 4.15148327112275297e+02 3.44244003431609656e+02 2.75811814747085521e+02 2.25713531519951744e+02 
8.56673804418205236e+02 7.19108303499254703e+02 4.93915619122932526e+02 4.05718201978393040e+02 3.32745590264307339e+02 2.75811814747085521e+02 2.22880990713232535e+02 1.83213774526327171e+02 
6.92499315095643851e+02 5.82020314220887371e+02 4.01152451141577501e+02 3.30298784422040228e+02 2.71653723857547789e+02 2.25713531519951744e+02 1.83213774526327171e+02 1.51161489001714813e+02 
