7.35722962191109332e+02 1.58918132210721546e+03 6.56830371105182621e+02 4.53224037703694762e+02 1.10251054847330397e+03 9.37534254496445556e+02 6.36492376529864456e-01 9.05780803002493258e+02 
1.58918132210721546e+03 3.44188395582897874e+03 1.43050050353487427e+03 9.88890636426497281e+02 2.40447073707261552e+03 2.02745284233979805e+03 1.20286978007812118e+00 1.97651655751212274e+03 
6.56830371105182621e+02 1.43050050353487427e+03 6.02328160880051428e+02 4.17101671371775922e+02 1.01346063011197180e+03 8.40170578422585891e+02 3.43892984133130519e-01 8.33837807006807907e+02 
4.53224037703694762e+02 9.88890636426497281e+02 4.17101671371775922e+02 2.89967777371482327e+02 7.04034305777293412e+02 5.79935601911760045e+02 2.00433150895069329e-01 5.79721303881775270e+02 
1.10251054847330397e+03 2.40447073707261552e+03 1.01346063011197180e+03 7.04034305777293412e+02 1.70976616057551360e+03 1.41072698546321999e+03 5.26800904435118067e-01 1.40750731780986894e+03 
9.37534254496445556e+02 2.02745284233979805e+03 8.40170578422585891e+02 5.79935601911760045e+02 1.41072698546321999e+03 1.19558304622079140e+03 7.95790450023754481e-01 1.15903695590829898e+03 
6.36492376529864456e-01 1.20286978007812118e+00 3.43892984133130519e-01 2.00433150895069329e-01 5.26800904435118067e-01 7.95790450023754481e-01 9.69159309888127478e-03 3.90994023610130026e-01 
9.05780803002493258e+02 1.97651655751212274e+03 8.33837807006807907e+02 5.79721303881775270e+02 1.40750731780986894e+03 1.15903695590829898e+03 3.90994023610130026e-01 1.15902416346291488e+03 
